0 4 16 19
1 5 16 17 
2 6 17 18
3 7 18 19
4 8 20 23
5 9 20 21
6 10 21 22
7 11 22 23
8 12 24 27
9 13 24 25
10 14 25 26
11 15 26 27
0 12 28 31
1 13 28 29
2 14 29 30
3 15 30 31
0 1 4 5 17 19
0 3 4 7 16 18
0 8 16 19 20 23
4 12 16 19 28 31
1 2 5 6 16 18
1 9 16 17 20 21
5 13 16 17 28 29
2 3 6 7 17 19
2 10 17 18 21 22
6 14 17 18 29 30
3 11 18 19 22 23
7 15 18 19 30 31
4 5 8 9 21 23
4 7 8 11 20 22
4 12 20 23 24 27
5 6 9 10 20 22
5 13 20 21 24 25
6 7 10 11 21 23
6 14 21 22 25 26
7 15 22 23 26 27
8 9 12 13 25 27 
8 11 12 15 24 26
0 8 24 27 28 31
9 10 13 14 24 26
1 9 24 25 28 29
10 11 14 15 25 27
2 10 25 26 29 30
3 11 26 27 30 31
0 1 12 13 29 31
0 3 12 15 28 30
1 2 13 14 28 30
2 3 14 15 29 31
0 1 16 28
1 2 17 29
2 3 18 30
0 3 19 31
4 5 16 20
5 6 17 21
6 7 18 22
4 7 19 23
8 9 20 24
9 10 21 25
10 11 22 26
8 11 23 27
12 13 24 28
13 14 25 29
14 15 26 30
12 15 27 31
0 2 16 17 28 29
1 3 16 19 28 31
0 1 4 5 20 28
0 1 12 13 16 24
1 3 17 18 29 30
1 2 5 6 21 29
1 2 13 14 17 25
0 2 18 19 30 31
2 3 6 7 22 30
2 3 14 15 18 26
0 3 4 7 23 31 
0 3 12 15 19 27
4 6 16 17 20 21
5 7 16 19 20 23
4 5 8 9 16 24
5 7 17 18 21 22
5 6 9 10 17 25
4 6 18 19 22 23
6 7 10 11 18 26
4 7 8 11 19 27
8 10 20 21 24 25
9 11 20 23 24 27
8 9 12 13 20 28
9 11 21 22 25 26
9 10 13 14 21 29
8 10 22 23 26 27
10 11 14 15 22 30
8 11 12 15 23 31
12 14 24 25 28 29
13 15 24 27 28 31
13 15 25 26 29 30
12 14 26 27 30 31