0 0 0 0
0 0 1 0
0 0 1 0
0 0 1 1
1 0 0 0
1 0 1 0
1 0 1 0
1 0 1 1
1 0 0 0
1 0 1 0 
1 0 1 0
1 0 1 1
1 1 0 0
1 1 1 0
1 1 1 0
1 1 1 1
2 2 2 2 2 2
3 2 3 2 2 2
4 2 3 3 2 2
4 2 4 4 2 2
3 2 3 2 5 3
4 2 6 3 3 2
4 2 7 4 3 2
3 3 3 3 5 5
4 2 6 4 3 2
4 2 7 5 3 2
4 2 6 6 3 3
4 2 7 7 3 3
5 5 3 3 4 4
6 5 4 3 4 4
7 3 5 5 2 2
6 5 4 3 6 5
7 3 7 5 3 2
6 6 4 4 6 6
7 3 7 6 3 2
7 3 7 7 3 3
5 5 4 4 4 4
6 5 5 4 4 4
5 7 5 5 4 4
6 5 5 4 6 5 
5 7 7 5 5 4
6 6 5 5 6 6
5 7 7 6 5 4
5 7 7 7 5 5
6 6 6 6 6 6
7 6 7 6 6 6
7 6 7 6 7 7
7 7 7 7 7 7
8 8 8 8
9 8 8 8
9 8 8 8
9 9 8 8
8 8 9 8
9 8 9 8
9 8 9 8
9 9 9 8
8 8 9 8
9 8 9 8
9 8 9 8
9 9 9 8
8 8 9 9
9 8 9 9
9 8 9 9
9 9 9 9
10 10 10 10 10 10
10 10 11 10 11 10
11 11 10 10 10 12
12 12 10 10 12 10
13 11 11 10 11 10
14 11 11 10 10 12
15 12 11 10 12 10
13 13 11 11 11 11
14 12 11 10 10 12
15 13 11 10 12 10
14 14 11 11 10 12
15 15 11 11 12 10
12 12 13 13 11 11
12 12 14 13 12 11
13 13 10 10 15 11
14 13 14 13 12 11 
15 13 11 10 15 11
14 14 14 14 12 12
15 14 11 10 15 11
15 15 11 11 15 11
12 12 13 13 12 12
12 12 14 13 13 12
13 13 12 12 15 13
14 13 14 13 13 12
15 13 13 12 15 13
14 14 14 14 13 13
15 14 13 12 15 13
15 15 13 13 15 13
14 14 14 14 14 14
14 14 15 14 15 14
15 15 15 14 15 14
15 15 15 15 15 15