0 12 16 17 18 38 44 45 48 51 64 66 67 71 74 75
1 13 16 20 21 40 44 46 48 49 65 66 67 68 69 70
2 14 20 23 24 42 46 47 49 50 64 69 70 71 72 73
3 15 17 23 26 43 45 47 50 51 65 68 72 73 74 75
0 4 16 17 19 28 29 30 52 55 66 74 76 78 81 83
1 5 16 20 22 28 31 32 52 53 66 69 77 78 79 80
2 6 20 23 25 31 33 34 53 54 69 72 76 80 81 82
3 7 17 23 27 29 33 35 54 55 72 74 77 79 82 83
4 8 18 28 29 36 37 38 56 59 78 83 84 86 89 91 
5 9 21 28 31 36 39 40 56 57 78 80 85 86 87 88
6 10 24 31 33 39 41 42 57 58 80 82 84 88 89 90
7 11 26 29 33 37 41 43 58 59 82 83 85 87 90 91
8 12 19 30 36 37 44 45 60 63 67 75 86 91 92 95
9 13 22 32 36 39 44 46 60 61 67 70 86 88 93 94
10 14 25 34 39 41 46 47 61 62 70 73 88 90 92 95
11 15 27 35 37 41 45 47 62 63 73 75 90 91 93 94
0 1 17 18 19 20 21 22 48 52 64 65 67 76 77 78
1 2 16 21 22 23 24 25 49 53 64 68 70 76 79 80
2 3 17 20 24 25 26 27 50 54 68 71 73 79 81 82
0 3 16 18 19 23 26 27 51 55 65 71 75 77 81 83
4 5 18 21 29 30 31 32 52 56 66 76 77 84 85 86
5 6 21 24 28 32 33 34 53 57 69 76 79 84 87 88
6 7 24 26 29 31 34 35 54 58 72 79 81 87 89 90
4 7 18 26 28 30 33 35 55 59 74 77 81 85 89 91 
8 9 30 32 37 38 39 40 56 60 67 78 84 85 92 93
9 10 32 34 36 40 41 42 57 61 70 80 84 87 92 94
10 11 34 35 37 39 42 43 58 62 73 82 87 89 94 95
8 11 30 35 36 38 41 43 59 63 75 83 85 89 93 95
12 13 19 22 38 40 45 46 48 60 64 65 66 86 92 93
13 14 22 25 40 42 44 47 49 61 64 68 69 88 92 94
14 15 25 27 42 43 45 46 50 62 68 71 72 90 94 95
12 15 19 27 38 43 44 47 51 63 65 71 74 91 93 95